6400 32,20 30,26 31,34 26,45 26,57 22,67 15,64 12,68 13,74 40,35 45,28 50,28 52,26 55,24 57,20 57,14 59,10 64,6 65,10 70,17 75,13 68,10 80,4
6480 11,74 10,69 7,64 11,62 16,62 21,65 22,62 23,58 25,51 22,44 25,37 28,34 29,30 26,25 29,23 32,18 36,16 37,16 41,22 45,26 50,25 53,22 55,19 55,14 57,12b57,8 59,2 65,6 69,8 71,6 75,2
6600 7,74 7,79 0,64 3,64 6,60 10,59 15,59 20,58 21,54 21,50 19,46 16,44 16,40 18,38 20,36 25,34 25,30 23,26 24,23 28,20 30,18 32,14 34,10 37,7 40,14 43,20 46,22 48,21 51,17 51,13 53,9 54,6 56,3 56,2
6720 2,76 3,73 3,70 4,58 7,57 12,56 17,56 18,51 16,48 9,47 8,47 8,42 8,43 18,34 22,30 20,27 21,21 25,20 28,16 29,11 32,7 34,2 37,2 40,6 42,10 45,17 47,10 49,6 52,3
6800 2,57 8,55 14,54 16,53 15,50 8,49 6,47 3,42 6,40 10,37 14,35 19,32 20,30 17,26 16,22 20,20 24,18 26,14 28,10 30,6 32,2
6280 16,74 17,70 20,70 25,68 27,64 30,62 35,65 37,62 32,58 28,55 35,49 37,4337,48 36,34  36,30 40,29 44,32 51,31 55,30 57,26 59,22 60,17 67,20 71,23 75,29 80,27 85,22 90,20
6320 83,18 80,22 67,18 63,14
6360 72,9 76,18
6880 5,54 9,52 2,50 2,46 5,38 10,35 13,33 17,30 15,25 14,22 13,18 18,18 20,18 24,15 25,10 28,7 29,2
7000 3,35 8,32 12,30 12,26 11,22 9,18 12,16 15,14 20,16 22,10 25,6 26,2
7200 2,30 5,29 7,26 6,22 4,18 0,14
7320 2,28 3,23 1,20
7400 1,25
6200 20,74 26,70 29,66 35,67 40,66 38,58 38,54 40,50 42,46 43,38 48,34 56,35 59,30 60,26 65,24 72,30 75,36 78,40 80,36 85,34 90,29
7400 5,9 12,10 15,6 22,2
7520 4,5 9,6 14,2
7600 1,6 2,2 5,2 10,2
6120 16,74 20,69 24,70 40,70 42,66 40,58 44,54 46,46 49,38 53,36 59,37 61,30 65,31 70,34 73,40 80,41 84,45 90,42
6240 80,32 87,26
6160 85,39 90,36
6080 30,74 35,72 41,72 43,70 44,60 48,56 50,50 53,42 55,37 60,38 62,31 65,34 70,37 73,42 80,42 84,47 90,47
6040 45,75 45,68 44,62 48,60 50,56 53,50 55,43 60,39 63,34 66,39 70,43 73,44 80,44 78,43 84,49 87,50 90,52
6000 48,74 46,65 50,62 53,62 55,52 57,46 59,42 63,35 67,42 72,46 77,46 83,50 87,54 89,60
5960 49,72 47,67 50,65 53,61 56,57 58,54 60,47 63,42 68,46 72,48 77,47 82,48 86,54 87,62 89,70 90,65
5920 49,69 53,66 56,62 60,56 62,50 68,48 72,50 76,50 80,50 85,54 81,58 82,66 83,70 89,76
5980 51,71 55,68 60,63 63,57 65,55 73,51 77,50 81,54 85,60 86,74
5840 53,73 58,70 60,66 65,62 67,56 70,54 75,58 77,56 81,58 83,67 85,74
5800 56,75 60,74 62,69 66,66 69,62 72,58 76,61 81,62 83,71 85,77
5760 63,74 67,71 70,67 72,64 77,66 81,72 83,76
5720 67,76 70,72 74,69 79,71 81,75
5680 70,77 74,74 80,76
