6160 2.5,26 5,20 5,14 3,10 5,4
6120 4,34 3,30 6,22 7,16 5,10 8.5,2
6080 2,42 5,40 7,34 7,25 10,18 9,11 8,6 10,3
6040 4,46 10,39.5 8,33 7,29 10,27 13,24 14,18 13,10 10,7 13,2
6000 3,53 10,48 14.5,46 12,38 13,30 16,23 16,16 16,7 18,1
5960 2,58 10,54 17,46 14.5,38 21,26 22.5,22 23.5,14 20,8 23,2
5920 2,66 5,63 10,58.5 17.5,54 19.5,46 16,38 21,34 26,30 25,22 29,19 26,14 30,6 35,5.5 40,4
5880 3.5,74 5,70 10,64 15,61.5 20,51.5 24,37 28,24 32,20 32,12 36,10 40,10 42,6 45,2
5840 8,74 11,70 18,66 20.5,58 23,54 28,50 25,43 27,37 30,30 33,22 38,18 42,14 45,10 50,8 55,6 59,4 61,6 62,10 65,13.5 70,13 75,10 83,14 78,8 71,9 70,3
5800 15,74 20,70 24,61 32,54 28.5,46 32,34 35,25 41,24 45,18 50,16 57.5,10 65,17 70,15 75,13 79,18 85,22 86,14 81,6 75,5
5760 21,74 24,66 30,62 35,69 37,62 36,54 33,46 36,38 38.5,30 45,24 50,25 53,18 60,14 65,23 70,17 75,16 81,23 85,26 88,19 90,14 85,6 80,1
5720 23,75 27,70 30,67.5 35,74 39,70 39,62 38,54 38,50 37,46 41,38 45,32 52,30 56,22 63,24 70,21 75,22 79,26 81,30 85,32 87,26 90,20
5680 40,74 41,70 40,60 42,54 45,46 48,38 57,34 66,34 74,27 79,34 75,42 72,50 72,58 75,62 80,64 85,61 88,58 89,54
5640 43,74 45,66 48,62 45,54 51,50 50,46 55,42 60,34 66,40 72.5,42 70.5,50 70.5,58 75,66 80,70 85,64
5600 46,74 45,69 50,62 47,55 53,54 58,46 66,44 68,50 69,58 74,67 80,71 85,68 89,66
5560 47,74 48,68 52.5,62 50,58 57,54 62,50 67,58 70,62 73,68 80,73 87,68
5520 48,75 50,69 55,68 54,62 59,60 66,62 71,68 75,73 78,76
5480 55,74 57,72 61,66 65,66 70,70 75,76
5440 60,76 64,73 65,70 67,73 72,77
